11 11
16
A B C D E F G H I J K L M N O P

A
10 1
0 0 0 0
3
B 0
E 0
K -1

B
7 1
0 0 0 0
3
A 0
C 0 
F 0

C
4 1
0 0 0 0
3
B 0
D 0
G 0

D
1 1
0 0 0 0
2
C 0
H 0

E
10 4
0 0 0 0
3
A 0
F 0
I 0

F 
7 4
0 0 0 0
4
B 0
E 0
G 0
J 0

G
4 4
0 0 0 0
4
C 0
F 0
H 0
K 0

H
1 4
0 0 0 0
3
D 0
G 0
L 0

I
10 7
0 0 0 0
3
E 0
J 0
M 0

J
7 7
0 0 0 0
4
F 0
I 0
K 0
N 0

K 
4 7
1 1 0 0
5
A -1
G 0
J 0
L 0
O 0

L
1 7
0 0 0 0
3
H 0
K 0
P 0

M
10 10
0 0 0 0
2
I 0
N 0

N
7 10
0 0 0 0
3
J 0
M 0
O 0

O
4 10
0 0 0 0
3
K 0
N 0
P 0

P
1 10
0 0 0 0
2
L 0
O 0

9
2 2 3 3
5 2 6 3
8 2 9 3
2 5 3 6
5 5 6 6
8 5 9 6
2 8 3 9
5 8 6 9
8 8 9 9