22 14
31
А Б В Г Д Е Ё Ж З И Й К Л М Н О П Р С Т У Ф Х Ц Ч Ш Щ Ы Э Ю Я

А
7 1
0 0 0 1
3
Д 1 7 3
К 0
Х 1 7 3

Б 
7 13
0 0 0 1
3
Е 1 7 11
Л 0
Ю 1 7 11

В
15 13
0 0 0 1
3
Ч 1 15 11
Э 0
Ж 1 15 11

Г 
15 1
0 0 0 1
3
Ц 1 15 3
Я 0
З 1 15 3

Д
5 3
0 0 0 0
4
А 1 7 3
К 1 7 3
Х 0
С 1 3 3

Е
5 11
0 0 0 0
5
Ю 0
Б 1 7 11
Л 1 7 11
Р 1 3 11
Ш 1 3 11


Ё
5 7
0 0 0 0
6
П 0
И 0
Ш 1 3 7
С 1 3 7
Л 1 7 7
К 1 7 7

Ж
17 11
0 0 0 0
5
Ч 0
В 1 15 11
Э 1 15 11
Т 1 19 11
Щ 1 19 11

З
17 3
0 0 0 0
4
Ц 0
Г 1 15 3
Я 1 15 3
У 1 19 3

И
9 7
0 0 0 0
6
Ё 0
М 0
Л 1 7 7
К 1 7 7
О 1 11 7
Ф 1 11 7

Й
17 7
0 0 0 0
6
М 0
Н 0
Э 1 15 7
Я 1 15 7
Щ 1 19 7
У 1 19 7

К
7 5
0 0 0 0
6
А 0
Л 0
Д 1 7 3
Х 1 7 3
Ё 1 7 7
И 1 7 7

Л
7 9
0 0 0 0
6
Б 0
К 0
Е 1 7 11
Ю 1 7 11
Ё 1 7 7
И 1 7 7

М
13 7
0 0 0 0
6
И 0
Й 0
О 1 11 7
Ф 1 11 7
Э 1 15 7
Я 1 15 7

Н
21 7
0 0 1 0
3
Й 0
У 1 19 7
Щ 1 19 7

О
11 9
0 0 0 0
6
Ы 0
Ф 0
Ю 1 11 11
Ч 1 11 11
И 1 11 7
М 1 11 7

П
1 7
0 0 1 0
3
Ё 0
Ш 1 3 7
С 1 3 7

Р
3 13
0 1 0 0
2
Ш 0
Е 1 3 11

С
3 5
0 0 0 0
4
Ш 0
П 1 3 7
Ё 1 3 7
Д 1 3 3

Т
19 13
0 1 0 0
2
Щ 0
Ж 1 19 11

У
19 5
0 0 0 0
4
Щ 0
Й 1 19 7
Н 1 19 7
З 1 19 3

Ф
11 5
0 0 0 0
5
О 0
И 1 11 7
М 1 11 7
Х 1 11 3
Ц 1 11 3

Х
9 3
0 0 0 0
5
Д 0
Ц 0
А 1 7 3
К 1 7 3
Ф 1 11 3

Ц
13 3
0 0 0 0
5
Х 0
З 0
Ф 1 11 3
Я 1 15 3
Г 1 15 3

Ч
13 11
0 0 0 0
6
Ю 0
Ж 0
Ы 1 11 11
О 1 11 11
В 1 15 11
Э 1 15 11

Ш
3 9
0 0 0 0
5
С 0
Р 0
Е 1 3 11
П 1 3 7
Ё 1 3 7

Щ
19 9
0 0 0 0
5
У 0
Т 0
Ж 1 19 11
Н 1 19 7
Й 1 19 7

Ы 
11 13
1 0 0 0
3
О 0
Ю 1 11 11
Ч 1 11 11

Э
15 9
0 0 0 0
6
В 0
Я 0
Ч 1 15 11
Ж 1 15 11
М 1 15 7
Й 1 15 7

Ю
9 11
0 0 0 0
6
Е 0
Ч 0
Л 1 7 11
Б 1 7 11
Ы 1 11 11
О 1 11 11

Я 
15 5
0 0 0 0
6
Г 0
Э 0
М 1 15 7
Й 1 15 7
Ц 1 15 3
З 1 15 3

19
0 0 2 6
0 8 2 14
2 0 6 2
8 0 14 2
16 0 20 2
20 0 22 6
20 8 22 14
4 4 6 6
8 4 10 6
12 4 14 6
16 4 18 6
4 8 6 10
8 8 10 10
12 8 14 10
16 8 18 10
4 12 6 14
8 12 10 14
12 12 14 14
16 12 18 14