20 20
25
А Б В Г Д Е Ж З И К Л М О Р С Т У Ф Х Ц Ш Щ Ы Э Я

А 
4 1 
0 0 1 0 
3
Д 0
К 0 
Х 0

Б
6 17
0 0 0 1
2
Е 0
Л 0

В 
14 17
0 0 0 1
2
Ж 0
Э 0

Г
16 1
0 0 1 0
3
Ц 0
З 0
Я 0

Д
2 2
0 0 0 0
4
А 0
К 1 6 2
С 0
Х 0

Е
3 16
0 0 0 0
4
Б 0
Л 1 6 16
Р 0
Ш 1 1 16

Ж
17 16
0 0 0 0
4
В 0
Т 0
Э 1 14 16
Щ 1 19 16

З
18 2
0 0 0 0
4
Г 0
Ц 0
У 0
Я 1 14 2

И
8 9
0 0 0 0
5
К 1 6 9
Л 1 6 9
М 0
О 1 10 9
Ф 1 10 9

К
6 6
0 0 0 0
5
А 0
Д 1 6 2
И 1 6 9
Л 0
Х 1 6 2

Л
6 12
0 0 0 0
4
Б 0
Е 1 6 16
К 0
И 1 6 9

М
12 9
0 0 0 0
5
И 0
О 1 10 9
Ф 1 10 9
Э 1 14 9
Я 1 14 9

О
10 14
0 0 0 0
4
И 1 10 9
М 1 10 9
Ф 0
Ы 0

Р
1 18
0 1 0 0 
2
Е 0
Ш 0

С
1 6
0 0 0 0
2
Д 0
Ш 0

Т
19 18
0 1 0 0
2
Ж 0
Щ 0

У
19 6
0 0 0 0
2
З 0
Щ 0

Ф
10 6
0 0 0 0
5
И 1 10 9
М 1 10 9
О 0
Х 1 10 2
Ц 1 10 2

Х
8 2
0 0 0 0
5
А 0
Д 0
К 1 6 2
Ф 1 10 2
Ц 0

Ц
12 2
0 0 0 0
5
Г 0
З 0
Ф 1 10 2
Х 0
Я 1 14 2

Ш
1 13
0 0 0 0
3
Е 1 1 16
Р 0
С 0

Щ
19 13
0 0 0 0
3
Ж 1 19 16 
Т 0
У 0

Ы
10 18
1 0 0 0
1
О 0

Э
14 12
0 0 0 0
4
В 0
Ж 1 14 16
М 1 14 9
Я 0

Я
14 6
0 0 0 0
5
Г 0
З 1 14 2
М 1 14 9
Ц 1 14 2
Э 0

8
2 3 4 15
2 18 9 19
7 11 9 18
7 3 9 8
11 3 13 8
11 11 13 18
11 18 18 19
16 3 18 15